x,y,value
0.8290720474349127,-0.5826677560097195,0.0
-0.4657285731949547,0.8086105809212052,0.0
0.5212043555227965,-0.6119557229242929,0.0
-1.054441755206989,0.05147578505425571,0.0
-0.4365479281335485,0.7290815781064279,0.0
0.7307488882211893,-0.31010526102114977,0.0
-0.5262796673773513,-0.894461938344512,0.0
0.6891513796924206,-0.5920599660387666,0.0
0.6691894995128547,0.5651201133537551,0.0
-0.11038426021555747,-0.9208187527268781,0.0
-0.6635007943812529,0.600514889208513,0.0
-0.7166019087269367,-0.4238877371370136,0.0
0.8817388731211179,0.6503248212308471,0.0
0.29860727979230456,-0.9531262796377579,0.0
-0.9138272510983574,-0.09038800956323617,0.0
0.7577709028924112,-0.5057095717220121,0.0
0.8165512223815151,-0.015305083265513489,0.0
-0.539301182480696,-0.6775934912923575,0.0
0.6438703830616942,-0.7245587811805049,0.0
0.19405986399249203,-0.8011071414944939,0.0
-0.7521698976389469,-0.7926350156551244,0.0
-0.6651802115292096,-0.5623729016162797,0.0
-0.20204345849555688,-0.7983219795200203,0.0
0.7654503898836325,0.35702052904868975,0.0
0.745842694768206,-0.3869857167665377,0.0
-0.7382939493028092,-0.0684042908288015,0.0
-0.38838983451687026,-1.017346862050151,0.0
-0.5154471369759401,0.7664761711145921,0.0
0.8125971015382047,-0.3884626276836008,0.0
0.3012831295337249,0.8842569629517165,0.0
-0.22318074732162893,-0.9861762401122735,0.0
-0.8979048793049554,-0.15919636764319023,0.0
-0.13531592195776143,0.9688247262848763,0.0
-0.9279424529793219,-0.2630883208652725,0.0
-0.7952284512904298,0.475306211457467,0.0
0.19732683358872075,1.1554384890165201,0.0
-0.815803025689327,-0.10966883991620457,0.0
0.6129325013750726,-0.5343221805043766,0.0
0.41991318233930625,0.5510785775012755,0.0
-0.22460094989175394,0.9824403909463428,0.0
-0.6893192520824178,0.5716973547454786,0.0
-0.06539471612512471,-1.0187106588975168,0.0
-0.8784930638337626,-0.23270273217799334,0.0
-0.5900478875820969,0.5960756644899151,0.0
0.24321297156723062,0.7399753766524327,0.0
0.7466592060797896,-0.2593981992201574,0.0
0.8600714518027256,0.5404866151832598,0.0
0.3356563331665923,-0.9554891584734213,0.0
0.9623258273627278,0.11727460380687005,0.0
0.2676209527832045,0.8416802358181226,0.0
-0.07628839257844504,-0.9033113639825473,0.0
-0.78169578507333,0.5679288550054858,0.0
-0.937359462325782,-0.23135717585263124,0.0
-1.0331966804033534,-0.1679390184052083,0.0
-0.728320793325014,0.4834336384307869,0.0
-0.6807921051764207,-0.5800023050591782,0.0
-0.23436648981765465,-0.8723856151630692,0.0
0.42906350752112005,0.7347543217223403,0.0
0.1294477498321983,-0.812281357822602,0.0
0.6986727676140775,-0.582823648122327,0.0
-0.7356367129840649,0.39192532139074326,0.0
-0.7236251025364004,0.36886631881866533,0.0
-0.026795123417380315,0.7316746212442099,0.0
0.3609426337293321,-0.7477031100199574,0.0
0.5421988552406,0.8180469132881982,0.0
-0.09066335791872593,-0.9182947708547735,0.0
-0.12002517970417795,0.8642887875975404,0.0
0.28694701478681056,0.8827228001983354,0.0
0.6190465041928527,0.7015439323894239,0.0
-0.608660211669073,-0.6914239655064282,0.0
-0.8759634003883927,0.605412466377667,0.0
-0.9109016784510752,0.3433509986349642,0.0
-0.5414674949345091,-0.7452208956594731,0.0
-0.8201691094757393,-0.11708081720866934,0.0
0.5926326380649444,-0.7215562527886639,0.0
0.48397541703667335,-0.7435942227832661,0.0
-0.7160493185114719,-0.5442542473188603,0.0
-0.03990217757052618,-0.9322457116826508,0.0
0.5735577637449455,-0.8172605332685934,0.0
-0.670070562549001,0.91564124865032,0.0
0.4790823536157379,0.7645197680050608,0.0
-0.16115494618155599,-1.0286198326742206,0.0
-0.6913297428959966,-0.7739168833262419,0.0
0.33061074884174163,0.7095714900636504,0.0
-0.83389496936879,-0.08925579881258004,0.0
0.5469160723591505,0.6166386545797733,0.0
0.5325757150683156,1.0253868967272461,0.0
-0.8775090406901513,0.7279363860025483,0.0
0.9702660218989789,-0.027743386513233912,0.0
-0.44718836686350627,-0.8934754369160103,0.0
0.3855393570494363,0.809071188304782,0.0
-0.9642574227564527,0.058423445589737145,0.0
-0.6232308821262874,-0.4920293885489332,0.0
0.7275700711451453,0.5029177581846439,0.0
0.8184160822899702,-0.5380271112636764,0.0
-0.4961299556645584,-0.6575549575725134,0.0
0.48668863496126263,0.743814734119852,0.0
-0.9837666175832441,0.18719189969835517,0.0
0.81730840646403,-0.3845777054206026,0.0
0.6379216156575124,0.7965252703235072,0.0
-0.6653529747963934,-0.5089365121148479,0.0
0.5804733572473038,-0.7540985468584805,0.0
1.0804778451497787,0.3674097415802239,0.0
-0.6890203433840725,-0.8442119069590175,0.0
-0.4030797800837474,0.7778441264293098,0.0
0.868847041555839,-0.17864118998335082,0.0
-0.24915340499688265,-0.9078169116110507,0.0
0.6952640375789801,-0.7481372649028091,0.0
0.03276338716778405,-0.8734860439392049,0.0
-0.19726640327578043,0.9849499935876422,0.0
0.8213415614254955,0.26792417029205307,0.0
-0.5164826917832798,-0.889941037569173,0.0
0.8442799246599318,0.39069298152301796,0.0
0.8802980308760981,-0.45275939244836116,0.0
0.11357862017759923,-1.0965259860510905,0.0
0.07512980822162904,-0.9246955285503649,0.0
0.618717998841299,-0.6901999278577534,0.0
-0.6075131065068087,0.6384991068154894,0.0
-0.6935863064386102,-0.23944064221320094,0.0
-0.8883958628315719,0.3874290689799035,0.0
-0.4284663044138423,-0.9860037259508567,0.0
-0.06883273244506957,1.0116690948220992,0.0
-0.9329464834189578,0.278944733790156,0.0
-0.8863839313357141,0.3385307905012118,0.0
0.8560120282482615,-0.04595123179551467,0.0
0.7741525801223532,0.1819819145332179,0.0
-0.19679965260174528,0.8216234032827144,0.0
0.35643275508808264,-0.893505361177292,0.0
0.6734956248160272,0.6805482108236636,0.0
0.9374957544978243,0.5640983775647858,0.0
-0.0884089848084383,-0.974731372328967,0.0
-0.29927420852122066,-0.8831722755457939,0.0
-0.7276623917019092,0.5381294055468682,0.0
0.6143972132892882,0.7765602312762928,0.0
0.8550584952509179,-0.1510055239597293,0.0
-0.5029955001933237,0.7361090147732099,0.0
-1.0135479731893895,-0.06895132309118417,0.0
0.3262600577560574,0.8601787379303494,0.0
0.8523352570907197,-0.228103504822594,0.0
0.8494269561067355,-0.35132847710127935,0.0
-0.9020230689765557,-0.14625539313268499,0.0
-0.053681633154006855,0.7110546153046675,0.0
-0.9311731213272885,-0.22162747630538726,0.0
-0.31360046923709617,1.0030644979671408,0.0
0.758019886559182,0.4625044875068695,0.0
0.3368394732015272,0.9252542261985216,0.0
0.5364082329777472,-0.6733300844069325,0.0
0.4927333059190598,-0.6504559405175993,0.0
-0.9091971750851497,-0.3484620257798767,0.0
-0.9497291340877914,-0.2518942501721517,0.0
-0.9892683472082064,0.42747546191606756,0.0
-0.9040338756030173,0.639268118936549,0.0
-0.5650713559693131,1.0516805936369253,0.0
-0.904292106511673,0.1068672048623245,0.0
0.02679387252412558,-0.9789015135207797,0.0
-0.8207743954379902,-0.5255563482162163,0.0
0.986695798597711,-0.13905493024550006,0.0
-0.26093941962411804,0.8606374596940852,0.0
-0.7831812368824518,0.5109252954990857,0.0
-0.5595223302562858,-0.8000955578066129,0.0
-0.5776665456216561,-0.7112268362915586,0.0
0.514493637069537,-0.7520488617871186,0.0
0.9085206923485467,-0.3829557484555959,0.0
0.6523113920170595,0.2203684676224008,0.0
0.848528314409794,0.4027298031698466,0.0
1.02534987970893,0.08877912105355451,0.0
0.2965638661470077,0.8968010745313953,0.0
0.5675174151713298,0.658567309729322,0.0
0.5050978504866757,0.8766579825317669,0.0
-0.10372640906031187,0.9143492328016947,0.0
-0.27958367370644416,-0.8629086566295584,0.0
0.9932043096103272,0.1642195546856344,0.0
-0.142948380731111,1.0169281367916017,0.0
0.9177191834678406,-0.04335960909861795,0.0
-0.9669169117609218,0.35754214636227005,0.0
-0.7399956783582465,-0.6629306791638446,0.0
-0.7261621735342075,-0.7153565767078529,0.0
0.9812168563901926,0.40479934821295793,0.0
-0.006552248944724735,1.1025458350786208,0.0
0.6681677337119458,0.7098076000355367,0.0
-0.8287378050771066,-0.2001853042444937,0.0
-0.8671723029814224,-0.41878546255077154,0.0
0.12827395843335265,-1.0154333011214687,0.0
-0.151956737879015,0.9398151960749597,0.0
0.05810060090743477,-1.0337458169696048,0.0
-0.998831982497958,0.4674944872006789,0.0
-0.610376977197322,0.6690570781076148,0.0
0.9529707020524809,0.538635826893656,0.0
-0.8437873441392124,0.45986381276819027,0.0
0.4811623582713449,0.8131318523127593,0.0
0.9181626602880106,0.3349093617696865,0.0
0.7030452270707424,0.743412294435437,0.0
-0.6443299687813657,-0.5973724318471896,0.0
0.728010934014632,-0.07237183457185027,0.0
-0.4229279443958723,0.8416528677514189,0.0
-0.9306105970129865,0.05780894016937848,0.0
0.29901196906258287,-0.9239858768786954,0.0
0.010865267761678026,0.8685379424351817,0.0
-0.39557809617278583,0.7380764275591537,0.0
0.8238073909873196,-0.5128464680127341,0.0
0.49207928200305295,0.709668934526817,0.0
0.24069607240103777,-0.7404851316014415,0.0
0.33077595449680774,-1.0460255859995458,0.0
-0.6255838392282718,-0.4548249522489889,0.0
-0.8764670587114071,-0.5441836605734459,0.0
0.41837004537551903,-0.8449141710723933,0.0
-0.3330157045286156,0.9226029736265597,0.0
-0.8577372359693298,0.22964949531779122,0.0
-0.7819637871828322,0.31632833533079435,0.0
-0.9290139101770001,-0.3021437555046073,0.0
-0.13332443433357485,0.9048089809849269,0.0
0.6195372923249864,0.8087922543297013,0.0
-0.48450868970529426,-0.6361544147970887,0.0
-0.6077072808708956,0.7765914977161374,0.0
-0.2854153602215502,0.8193577714108173,0.0
0.7697181509286302,0.5295723426923057,0.0
-0.7609828351700293,0.5505288791380043,0.0
-0.28240188152637985,-0.7436052480456868,0.0
0.6727691471756074,0.7319377855388588,0.0
1.0346676943877504,-0.12285520708511613,0.0
-0.6729384671674297,-0.5659166477142235,0.0
-0.2509152598028232,0.8668876527934694,0.0
0.27686970542707734,0.9495656299702068,0.0
0.5974158765874605,-0.7869818485711286,0.0
0.5459307798358114,0.5540730390690679,0.0
-0.3104300879698347,-0.9670660473078331,0.0
0.3968015972959746,-0.9139132371760725,0.0
0.6591807891508283,-0.7740662922113153,0.0
0.8406009738729268,0.31874112403540283,0.0
-0.28718776903369764,0.9482062865068406,0.0
-1.1099483520765263,0.076541688488381,0.0
0.944827559199782,-0.24471032289505104,0.0
0.7638241538050469,0.15793633523287082,0.0
0.3473463180823877,-0.8062714153750393,0.0
-0.1284433935179225,-0.9131768456839741,0.0
-0.9502336703637374,-0.1396593347308454,0.0
-0.19052824042334332,-0.9980083132300194,0.0
0.6586887849894375,-0.8190832208271976,0.0
0.7417630650871209,0.5845867004260735,0.0
0.9395208746886138,0.4808965783343878,0.0
-0.5936818716233367,-0.8250498378471075,0.0
0.35461494121922243,0.8955660339364248,0.0
0.495401739093052,0.9894341716526668,0.0
0.4003214983678814,-0.998454407216462,0.0
0.26459664411401357,-0.8217372472620774,0.0
-0.07502364596460438,-0.7902744685534612,0.0
0.9123912888245103,0.33337390788359367,0.0
-0.024490767171506812,0.964664502065138,0.0
-0.9631783447056801,0.3301504894771528,0.0
0.8323554804939206,0.38755009612061253,0.0
-0.6542173733777885,-0.6245948636557899,0.0
0.3655919751956079,0.9558466993290226,0.0
-0.9641723452779004,0.20438802601665118,0.0
0.6283447833700465,0.47552156542300333,0.0
0.7772837787391029,0.31175731219055897,0.0
-0.06029971663136446,-1.1360432065267958,0.0
0.8796202469547331,0.13769012106155082,0.0
-0.9273243636630152,-0.04996916480198432,0.0
-0.9874383440855332,0.17546420302266014,0.0
0.11654190755497164,-1.0083496238207,0.0
0.15557929261823902,-1.0519909277896673,0.0
0.20349762986441078,-1.0588803538452105,0.0
-0.9709911926090978,-0.19128971932203692,0.0
0.3879657440660867,0.9604050342344326,0.0
-0.8340547791199923,0.5766701421894387,0.0
0.9555700169241967,-0.0058512182273216164,0.0
-0.2878667344079871,0.7948010996407319,0.0
0.1653970123172375,0.9284716602470234,0.0
-0.26336277885980935,0.9517010867272683,0.0
-0.18196569389908637,0.8990809757982599,0.0
0.8268095960645515,-0.006672719822161725,0.0
0.8659100330761469,-0.36574625293298474,0.0
-0.7350169103656894,0.5224712172181056,0.0
-0.7248161129095871,0.5509958209985849,0.0
-0.8130025891586871,0.4050141431035622,0.0
-0.03783946775112535,-0.8775698504327831,0.0
0.551420110078833,0.9408722205701007,0.0
-0.7152489398127697,0.4845911960163395,0.0
0.671870307727956,0.8889109757551863,0.0
1.0350312038033966,0.07007711371808933,0.0
0.22566000494833577,0.8104983951640823,0.0
0.7730866351995445,-0.4066080876886754,0.0
0.9603952010500756,-0.2504595293232173,0.0
-0.6726513169286695,-0.5633012714514704,0.0
-0.4111790467564353,-0.8900500100842872,0.0
-0.033943195813462744,0.8620309977567486,0.0
0.49078663596234023,0.6306821325403782,0.0
0.5184301718920556,0.7644421847895077,0.0
0.3930841267589101,-0.926222343926937,0.0
-0.6782365753659768,0.6062351955407882,0.0
0.7530108986416512,-0.37293469469003526,0.0
-0.47868481388686507,0.7274466146099167,0.0
0.7476004268890618,-0.6562445706117274,0.0
0.956393424153527,-0.25364645467287944,0.0
-0.7952441103996207,-0.6423184036727988,0.0
-0.8653976260433441,0.40110541952564005,0.0
0.7623819548495773,0.4927819392615699,0.0
0.9797345351188297,-0.21806410783223004,0.0
0.8581916514365512,0.14579919736180652,0.0
-0.8871601237514274,-0.3505633314290165,0.0
-0.7583332946835455,-0.3171658376394208,0.0
-0.3110036007001572,-0.6081726299578214,0.0
-0.8354469096117074,-0.46759666194652144,0.0
0.6569224179779656,-0.7206075447972485,0.0
-0.7800479417393293,0.0181302465396416,0.0
0.7475155225371182,0.4823250418485808,0.0
-0.5569754190723335,-0.7079527004063181,0.0
-0.6149150553634328,-0.7560262604233238,0.0
0.8665368509194835,0.1363728517529015,0.0
0.17789987621097478,0.8315443502208968,0.0
0.8855502050060935,-0.563487366503759,0.0
0.9589140957279826,0.13064535067811706,0.0
-0.8501166681049337,-0.4691334866210853,0.0
-1.011498500151482,-0.053690828536754547,0.0
0.5583344645504491,0.6900783976556044,0.0
0.8270060250003303,-0.4131019149949894,0.0
-0.1863789823512799,0.9056942587208842,0.0
0.010427423066768264,-0.9531253859910334,0.0
-0.7694079181758203,-0.435266108799365,0.0
0.12590725374994724,-1.0064651291139435,0.0
-0.9378958114210287,0.05357861690975937,0.0
0.41927035387628125,0.7503681372883703,0.0
0.9450969518203276,0.29042686779155896,0.0
0.15369320003152984,0.8954143430669379,0.0
0.8234253516585147,0.2627154732978693,0.0
0.9083028311683025,-0.0027822079837687952,0.0
0.2155069566754835,-0.9376483528026377,0.0
0.42174552339298216,0.6718834888254791,0.0
-0.9291697942758277,0.2989978933974634,0.0
-0.9101036928543101,-0.16557266230938522,0.0
-0.13177868183644725,0.8380891063096604,0.0
-0.46461834094882276,-0.7567903424422125,0.0
0.4376528461046242,-0.8575435151990648,0.0
-0.760654140188763,0.6572302170062665,0.0
0.9022338690369289,-0.06249618990034687,0.0
-0.8245949984819563,0.08291024839052516,0.0
-1.0866305002248078,0.12900314774068178,0.0
-0.7730536194140235,0.45237276169377255,0.0
0.242592703175368,-0.9493824012333573,0.0
0.5860942225559219,0.5721714380576526,0.0
1.0182846962179812,-0.34968621654624243,0.0
0.2732299981378483,0.7988755146157434,0.0
0.8271042479606732,0.46686473266910866,0.0
-0.8770354584516081,0.22999982650224732,0.0
-0.02276232912302996,0.8776406668070377,0.0
-0.3783357116290787,-0.8148994166253241,0.0
-1.06369237198381,0.21514656086497985,0.0
0.3624388248453738,-0.8067213393157017,0.0
0.6683332966461413,-0.8477019518682658,0.0
-0.5099729054127617,0.6196662219009011,0.0
-0.30487209909591445,-0.9184795925157971,0.0
0.7351875076800352,-0.8940689002478973,0.0
-0.6365245669652172,-0.36598814224975024,0.0
0.6684666476554149,0.8497158093431895,0.0
0.9655087364919643,-0.23273171403943127,0.0
-0.9072523090733122,-0.5686992468133547,0.0
0.04262566318929158,0.8307759030795914,0.0
-0.6401997634706743,-0.7130983314187432,0.0
-0.8499223618466453,-0.5764213536069621,0.0
-0.9767816621556625,-0.07794220203993449,0.0
0.10968152902280347,1.0519999524875923,0.0
0.793087639903241,-0.5810162526716729,0.0
-0.9233610148390585,0.23929912433056316,0.0
-0.39079183960179803,-0.7489873537987933,0.0
-0.31359800283566575,-0.6933532793468884,0.0
0.8603682918381207,-0.4798937019324376,0.0
-0.004749240171301624,1.0355781426473059,0.0
0.5912172422495231,-0.7755493190720175,0.0
0.7998881228087331,0.40822669453487076,0.0
0.34717852751426753,-0.7691620773267165,0.0
-0.33961630095179984,-0.8820905062898818,0.0
0.35686535987871654,1.032599325698085,0.0
-0.7154297880636699,-0.6355188261189184,0.0
1.0065058191335503,0.15290199360671186,0.0
-0.9639564978900558,-0.013208425753249473,0.0
0.335966962426846,0.8128594640870994,0.0
-0.07284817625769553,0.7740404114602447,0.0
0.46597899058014525,0.7428590691949759,0.0
0.8095606558958096,-0.8661243787147125,0.0
-0.39177089674519927,0.8521468190094095,0.0
0.6055104645279037,-0.7241288061808918,0.0
-0.5334491103767186,-0.8789895556843922,0.0
0.6970279094722049,-0.5192084050718557,0.0
0.7966683539245872,-0.6983646558347859,0.0
-0.7668132014747816,0.6409599629528111,0.0
-0.9293103046355593,-0.23906658935502625,0.0
-0.01939848984169324,-0.9516255467884129,0.0
0.6881749143604651,0.32135367611895865,0.0
0.28521550835597176,-0.9134234829636868,0.0
0.9078778236329635,0.28105925385218955,0.0
0.7428421245878897,0.7872884430227912,0.0
-0.44027970155753,-0.9226909770887494,0.0
-0.09675327848442453,0.7519083153699972,0.0
0.8470867025910216,-0.525674975268003,0.0
-0.847711052928204,-0.36434096213308437,0.0
0.6252895833861063,0.6658970675564998,0.0
-0.21063817966016113,-0.8613126809552496,0.0
0.9231861397995829,0.10462323467383514,0.0
-0.6505909578242667,-0.8513303351787028,0.0
1.1140274895450677,0.07678617045004234,0.0
-0.8157296795715161,0.4695455780737889,0.0
-1.0790114365848915,-0.03608211883608315,0.0
0.45038356422658493,0.9668245166810232,0.0
-0.8521208108173349,-0.3661389554462409,0.0
-0.17172041760365414,0.9050072181233608,0.0
-0.19051387799697392,-1.0992187464128296,0.0
-0.5406634252058369,-0.527378515250329,0.0
-0.20585005502347814,0.9818060664899477,0.0
-0.3441783173240219,-0.7883451223381706,0.0
0.05751374045778106,0.928096057048353,0.0
0.392876560572949,-0.8067171992525137,0.0
-0.8526271879746065,-0.26395127090244686,0.0
0.8276008847446826,-0.4782371201983262,0.0
-1.0238079873100356,-0.6292312214616756,0.0
-0.9677246895496275,0.010382686228494614,0.0
-0.3499076168628616,0.9521265336279983,0.0
1.0301076733981682,-0.022570485626567383,0.0
-0.4107179444280036,-0.9183425831763046,0.0
-0.8651336750803373,0.3146070277010148,0.0
-0.12061583595693146,-0.9414408788060896,0.0
0.9243000362322333,-0.21780927449741586,0.0
-0.875973900827882,0.3833243466672726,0.0
-0.2852319195038344,-0.8780565875422444,0.0
0.143384489790446,-1.125670388484135,0.0
0.7019528229142559,0.4725667679219208,0.0
0.530571037936819,-0.657408644673093,0.0
-1.0171804286183082,-0.0031227067466791524,0.0
-0.11576473357834705,-0.810098487264782,0.0
-0.8073906822109451,0.5322930032682376,0.0
0.11068204904781494,-0.9105578996917204,0.0
0.7379557961817654,0.5206218410355479,0.0
0.16435760157762508,0.8430209055050012,0.0
-0.6925961326647951,-0.44132478136477954,0.0
-0.8119289704571518,0.41941802726070804,0.0
-0.373667806537728,0.8575101306480849,0.0
0.47923149207989746,-0.8116735917586198,0.0
-0.3943530828983802,-0.8315848279069582,0.0
0.22563485557367105,-1.0196182005290333,0.0
0.09393097814260862,-1.0440679164650826,0.0
-0.903233479011589,-0.09537594562106735,0.0
1.0620272874546806,0.2862015866214434,0.0
-0.7207625569148969,0.45216452731974044,0.0
0.8617303245723196,-0.0023504993792609046,0.0
-0.6514543929070667,-0.9126499846114007,0.0
-0.7105361187145904,-0.22287433184429722,0.0
0.7119813290007927,-0.5470766052640066,0.0
0.9889541745409194,-0.1955601200752481,0.0
0.5878760639501205,0.7513334411540692,0.0
0.9688629005230449,-0.3334620750752403,0.0
0.33135062715034774,0.7948074623516301,0.0
-0.9358081121383752,0.44335495946419634,0.0
0.7285193973725911,0.30050875080659895,0.0
0.4748644874750796,-0.8758685040497612,0.0
-0.7441739274570428,0.7215085968113593,0.0
-0.6707608997328095,-0.648772983843313,0.0
0.9878418955450157,-0.04729381110514285,0.0
0.7270478497718282,0.42513297084021523,0.0
-0.543013955950734,-0.6661806858177209,0.0
-0.03930356996213517,-1.0716420899088839,0.0
0.24376540521562562,-0.8542440872880281,0.0
-0.7754761206932476,-0.6597541362860524,0.0
0.2572184735460646,-0.7937364117852957,0.0
0.7062346938529558,-0.5997522376597259,0.0
0.3992218682770248,0.7990804131831901,0.0
0.13426649982353436,-0.8111378880897456,0.0
0.7945146541788545,-0.6278934199596284,0.0
-0.14526332931168576,0.9103594000877061,0.0
0.7193181520880004,-0.4959600500308577,0.0
-0.9417985643144031,0.5042496036813812,0.0
-0.6617716041619774,0.6933598925469238,0.0
0.6489527750236121,0.5685473291838276,0.0
0.5918761205223466,0.7595531054078128,0.0
0.6100555844965235,-0.8615582959066349,0.0
0.5522779559846136,-0.8230727286696238,0.0
0.40372419417657146,-0.8076938311479336,0.0
-0.7233693063607181,-0.62372336214401,0.0
-0.8185038059426055,0.1570481255419947,0.0
-0.39062713205612204,1.0287595482118075,0.0
0.9047501031139176,-0.23762365624208576,0.0
-0.5233867081596538,0.7838645284144883,0.0
-0.9102554168274951,-0.38427189201673734,0.0
0.8660837113127725,0.4843973407496166,0.0
-0.3799329244042503,-0.8213748834293899,0.0
0.9701201790611004,-0.31437523721039234,0.0
-0.5300302865549334,-0.7916280600427881,0.0
-0.04349264952321461,1.068628244132243,0.0
-0.4535364316776096,-0.9122342163767819,0.0
-0.08329632812833956,0.7986503456063089,0.0
0.3369032932432735,0.787855233101032,0.0
0.9064635437550166,-0.4121994274588148,0.0
-0.7851317801187321,-0.41422717655456404,0.0
0.3914881611590115,0.7992694473696744,0.0
0.504337869081255,-0.5757712141325277,0.0
0.8329171990401759,0.050133925622039256,0.0
0.21888010939371905,-0.9849919788091287,0.0
-0.030325966671794213,0.9641016373539688,0.0
1.008008453484452,-0.11113748854954723,0.0
-0.4903946100378326,0.8392005667094985,0.0
-0.8801577024228929,-0.3295695516639019,0.0
-1.0033655158443917,-0.22109795439650962,0.0
0.9791535790361883,0.22965273642992187,0.0
-0.8333640161759233,0.4674036409364339,0.0
0.8941242168843827,-0.25392525254870374,0.0
-0.939087002010609,0.33340666373177763,0.0
-0.22962692545561159,0.9803035655936054,0.0
0.24113680871838938,0.9405960167613243,0.0
-0.1499282155340444,-0.9546403590354118,0.0
-0.3652161147890939,-0.8922614960813572,0.0
0.8953626494084284,-0.4845003000521659,0.0
0.8354351136328568,0.364548752917036,0.0
0.0014932895106369829,0.9898316858120441,0.0
0.7472860233230365,0.41738319585862943,0.0
-0.8851242839240079,0.22662313965222786,0.0
0.9785856463198047,-0.14795567498876697,0.0
-0.08054109141133145,-1.0344222387174888,0.0
1.099457577477577,-0.2034463977591923,0.0
0.25407772254995736,0.9952438570403305,0.0
0.7760676881688519,-0.6056952968669458,0.0
-0.9729309521685997,-0.25053091653689774,0.0
0.560741399768044,-0.577332036738054,0.0
-0.8307022944953593,-0.5882831910570431,0.0
-0.0051172571614600424,-0.9451371076002022,0.0
0.8386606617677466,0.1939394863818227,0.0
-0.1364493470447346,0.8540062620475773,0.0
0.9545915123385649,0.4232135593404898,0.0
-0.932223039941275,0.17857133128849664,0.0
0.6073551387366326,-0.5625414174259834,0.0
0.6183624245005389,-0.7365579127051683,0.0
-0.6875430867497386,0.8411752503740618,0.0
-0.5069252570575364,-0.6938625392437816,0.0
-0.01180888154291477,-1.055852272311197,0.0
0.13441996879303073,-1.0702396003822687,0.0
-0.21180371040550233,0.8834703436068069,0.0
-0.14987418894227555,0.8566679204552282,0.0
0.9666011455802597,0.22921167386577862,0.0
0.9637972785772537,-0.08540633205391375,0.0
0.9695315919519217,0.3599881317522194,0.0
-0.9503337515822544,0.20798786282773113,0.0
-0.9057124672831351,0.054633261296070774,0.0
-0.7085668766387743,-0.12138161239968667,0.0
-0.21113017529010006,-0.8634685248466997,0.0
-0.24991045225121997,-0.9421949484591333,0.0
-0.9516976802924942,0.12947002519572606,0.0
0.9812302872458312,-0.3121002950834081,0.0
-0.19815263053890364,0.7234679992975623,0.0
-0.7034178599141286,-0.4107975444124193,0.0
0.22328628266714662,-0.8020362076958346,0.0
-0.959458399455569,-0.09064992795785246,0.0
0.08538952672590047,-0.7757032631365784,0.0
-0.4455744798026737,0.6287129002562037,0.0
0.04135359667593588,-1.0040309966019714,0.0
0.11784981860977331,-0.8707770559336416,0.0
1.015270414910607,0.09941501539174674,0.0
0.12341959700832787,0.9358416490513386,0.0
-0.30180130179131964,-0.8276749408885851,0.0
0.681251464960481,0.7551957498533757,0.0
0.7569518155801082,0.2325676548208442,0.0
0.5974388448183917,0.6591615202824116,0.0
-0.7603599513918005,0.5168503083105219,0.0
0.5720382082143579,-0.8866909737403733,0.0
0.43794119117451125,0.9948083498274278,0.0
0.9389590569471172,-0.3983448883604004,0.0
-0.4985868368640679,-0.8151960323808747,0.0
-0.06084291055627962,0.8940127237796196,0.0
-0.5689323128661941,0.6806544302328054,0.0
-0.5822855874092661,0.6289864284419897,0.0
-0.6147939894938913,0.31955203272621563,0.0
0.6755701965615123,-0.7206535355792094,0.0
-1.007291822529152,-0.38847411622663597,0.0
0.907060644926677,-0.3365772370184788,0.0
0.7498854474072167,0.5265054086694666,0.0
1.0222598030488033,-0.009276050260159579,0.0
0.4596909723141363,0.5934034507684042,0.0
0.7073685110548509,-0.2993108529593189,0.0
-0.37194269424402665,-0.8443464416609118,0.0
0.45499188578763927,-0.8271497506664993,0.0
-0.13446263893575094,0.7875076058308315,0.0
0.28654406271910743,-0.8406810452279389,0.0
0.3396308888675622,0.9792387803754672,0.0
-0.40299705829365134,-0.6625928751805092,0.0
-0.8866022657297005,0.18344248138815986,0.0
0.5694676283531321,-0.8012083837680694,0.0
0.8697711183688432,-0.4160307860353667,0.0
0.1855648726513923,0.8594909044308227,0.0
-0.10089086924769995,1.0555516345971516,0.0
0.042108524320031614,0.9513045271186356,0.0
0.19531287507625136,-0.8335423938060196,0.0
-0.5557574878790882,-0.816207513475911,0.0
0.8714227565828901,-0.07882449142431952,0.0
-0.49120527267121616,-0.7400254382215622,0.0
-0.9538526464294678,-0.3060804088508201,0.0
0.8931638656587627,-0.322463874056904,0.0
-0.5584889196186813,0.7264423076318304,0.0
0.2913390734179687,0.9823481547816579,0.0
-0.4471567543389552,0.8556893045258505,0.0
0.7913352439967432,0.029714977452901414,0.0
0.8604057518990958,0.5174461846589563,0.0
-0.8655244168467221,0.1042775235937512,0.0
0.015615746082975288,1.0098476953090454,0.0
-0.6050134364584786,0.5255368193404235,0.0
-1.037820592210822,0.41991369027327957,0.0
0.6435212048993023,-0.6361941893859273,0.0
1.1105855531656874,0.2086103090408755,0.0
0.9049152201932388,-0.0016310575608611073,0.0
0.9038787659389063,0.22220217060724148,0.0
-0.2729160542282921,-0.8503428142116982,0.0
0.792870165521434,0.552235664910752,0.0
-0.8316999033471928,0.5725823826664248,0.0
-0.7829436817748997,0.12803484858997086,0.0
-0.9064738764264004,0.23365171552976327,0.0
-0.8587146388963395,0.5422516984153806,0.0
0.6892977164756166,0.42531279113878184,0.0
-0.3401557548838686,0.6986841177528647,0.0
-0.034049101758745745,-0.8859438635725734,0.0
-0.6828082795862509,-0.31059202976605904,0.0
-0.17739375286087763,0.9339483100441991,0.0
0.31399058318139283,-0.8885512835804051,0.0
0.5264370743841097,0.7544336636302673,0.0
0.6386022722927415,-0.879321739702733,0.0
0.6031967297196446,0.7237142598805005,0.0
-0.24224861036023043,0.8186961831715122,0.0
-0.8322727805037543,0.3455958441834374,0.0
0.8547561198414284,0.2958106520184839,0.0
0.2703665316844071,0.8484898518449697,0.0
-0.7743048687049959,-0.3152261227701371,0.0
-0.2963558644887548,-0.8731814637842568,0.0
0.8570701226556383,0.25280035037631554,0.0
-1.0106368957651246,-0.5423575333497048,0.0
0.826175987888519,0.25234504718665085,0.0
0.7070276337444846,0.5858999121119041,0.0
0.8548821364819813,-0.25348287928129215,0.0
-0.9399288655676651,-0.10924138114487518,0.0
0.061253945782023755,-0.8610606737237249,0.0
-0.44820108649561297,-0.6291701341462587,0.0
-0.0661221682886663,-0.9864861459027255,0.0
-0.8567785422815211,0.44979439155927686,0.0
1.1412384164941027,0.22277930890058503,0.0
1.0216522289204555,-0.5287479504858599,0.0
0.9546611197625182,-0.460996940619845,0.0
0.15225537113213655,-0.9753345359152029,0.0
0.3096929911128847,0.9340939091443196,0.0
-0.5387708710543896,-0.8333140118139655,0.0
-0.6317951645897918,0.7430586230883477,0.0
0.820412594298013,-0.15701099349811856,0.0
-0.7943604307201025,0.5967536282252318,0.0
0.9220851813109692,0.5096644162536935,0.0
-0.8360034260602702,-0.4972069703508224,0.0
0.2145736929755288,0.9411882297725988,0.0
1.0090812022972955,-0.23875056948674175,0.0
0.038965290801794124,-0.8725812555190343,0.0
0.7921666404708355,0.5090990874761203,0.0
-0.062376807118716945,0.9238479531832317,0.0
-0.5294626090255977,0.6259048176452517,0.0
0.7834558478037732,-0.4709628813934965,0.0
0.8782029673291545,0.2958991531416122,0.0
-0.5803354769526312,-0.7006539147091784,0.0
-0.7083539461566292,0.11783087987498195,0.0
0.5653352482592504,-0.8380916504743597,0.0
0.5994844643413343,-0.6805698894087708,0.0
-0.8545644158481742,-0.3648730076979813,0.0
0.4251940494137505,-0.9220208237742552,0.0
0.8930847562380029,-0.22668352206116504,0.0
-0.9914470572740728,0.1947363769883971,0.0
0.08087958959559526,0.8707749357040853,0.0
0.3657197404750513,0.8744787888692938,0.0
-0.9737861572892356,0.06587192827011804,0.0
-0.7089024006201267,0.7186636811421868,0.0
-0.7924021524972875,0.596554664655415,0.0
-0.6521797598761356,0.7153756977176612,0.0
-0.5647872318279948,-0.4412667055005004,0.0
0.7882341077970983,-0.3276404845689374,0.0
-0.7839560072952764,-0.4404622362265741,0.0
-0.6649545976822846,0.6803960224251123,0.0
-0.9468540557002045,0.030986328455635828,0.0
-0.6989437168753652,-0.6368017205012739,0.0
-0.04630955194798141,-0.8581462756074061,0.0
-0.050166911061313824,0.9997783866879045,0.0
0.21850216795688562,0.8503637040736831,0.0
0.3080013533524767,1.0122888044240739,0.0
0.24798551116035655,0.10027823058394843,1.0
-0.22788416225081717,0.2823752865962701,1.0
0.0955494161317918,0.010209089188189626,1.0
0.21743623467756482,0.27993327522913464,1.0
0.18581780615456403,-0.030496107705715703,1.0
0.18900270099690902,-0.020590357371670722,1.0
-0.08634767986685751,-0.05515487860857454,1.0
-0.1545332800688111,-0.3056992802024686,1.0
0.21701595179330735,-0.0887839652474498,1.0
-0.19775914678607515,-0.10852114082797328,1.0
0.16566867453814985,-0.17349660541337036,1.0
0.2752248009265347,-0.06741283011257318,1.0
-0.019845547905335065,0.33783589327625646,1.0
-0.36266325674164224,0.06829090305460894,1.0
0.18168685476592228,0.0962446650633236,1.0
0.2839509487916807,-0.08475043786176084,1.0
0.22465057725170587,0.24427678912111192,1.0
-0.42062351338797693,0.1660081253491782,1.0
-0.2282387731575034,-0.06972301425704107,1.0
-0.2116200665626045,0.3072198489346666,1.0
0.002659072615079542,0.4471452051819496,1.0
-0.3475696447027414,0.19654469319711326,1.0
0.24687102026939886,0.20462494767109665,1.0
0.3578468714093984,-0.10600378628981555,1.0
0.3766321352536873,0.013743610256845649,1.0
-0.04626923284801404,0.3326517619582002,1.0
-0.12688340301375767,0.4228517506812172,1.0
-0.0848740048860691,-0.29001302238997273,1.0
0.3179260270810773,0.05476932172156198,1.0
0.31550589894468184,0.10090127638934474,1.0
0.38446730464209833,-0.17814704763982794,1.0
0.3948859833967742,-0.17142132878574182,1.0
-0.12315111114001477,0.3257746024126341,1.0
-0.18319533644558358,-0.12995046437949254,1.0
-0.1940270031004493,0.3175283918636899,1.0
0.20973371077206562,-0.3751440065260106,1.0
-0.1969723652889635,0.340661385450416,1.0
0.1405181978393523,-0.12061774612368345,1.0
0.0048294653320181315,-0.1742649608039531,1.0
-0.14123163131896657,0.14813161478407022,1.0
0.29832262175056723,0.03171052411670173,1.0
0.0276707828032967,0.33322812166479177,1.0
0.10652724801526936,-0.07259913615458265,1.0
-0.01441363003453411,-0.14110568935136567,1.0
-0.007819794213735043,0.28263510142416454,1.0
0.16150929887014118,0.11186864181674398,1.0
0.12322992787932355,0.3299649774091213,1.0
0.19052517668668154,-0.05104923362010339,1.0
-0.08578005871484572,-0.33879107246908774,1.0
-0.23518099260867983,-0.09854092090948459,1.0
0.005861625317707978,-0.3371092067799374,1.0
0.12000992171356617,0.4390699609787832,1.0
-0.15112818133183745,0.3225248881479296,1.0
0.03582396380905723,0.4248118656910314,1.0
-0.26714346398197775,-0.30180067419783696,1.0
-0.06319559624918195,0.44360645269673027,1.0
-0.235369599128452,0.2278882533735516,1.0
0.38970265803606796,0.04990162461852732,1.0
0.30437020632676026,0.12652163864878424,1.0
-0.38256059068571174,0.20403048274223123,1.0
-0.01771575655767916,-0.240788592170267,1.0
0.2624453817425413,0.09157948445593922,1.0
0.2634874193301118,-0.3155336012194993,1.0
-0.3061839581651566,-0.089475444870194,1.0
0.1560421482223619,-0.23416776424610836,1.0
0.10896734921807183,-0.1787762709936452,1.0
-0.16525717150966152,0.5097471833750451,1.0
-0.33510298449305687,0.3406501011797406,1.0
-0.2633456678248895,0.001032186248503028,1.0
-0.2799637959819293,-0.12455857542793582,1.0
0.42060272515294955,0.17493911231067644,1.0
-0.05198531144063335,-0.2888821669924725,1.0
-0.25656698226158736,-0.1707756016659626,1.0
0.14678595529891053,-0.04782644443680477,1.0
-0.15350250621158887,-0.14590375813987014,1.0
0.07417731922403846,0.12755166434012355,1.0
0.04467320891942465,0.11950710424507599,1.0
-0.16479974239098075,0.14799443999659653,1.0
0.17618401405304493,0.32145225787444054,1.0
0.009832753809474314,-0.1969857594771803,1.0
0.23854828758346597,0.09087096645475393,1.0
0.16874880935802541,-0.1298146385352333,1.0
-0.014107045233655649,0.2832257121127914,1.0
-0.12034046196277834,-0.42376944131694444,1.0
-0.4848463067106703,-0.09767364746543812,1.0
-0.1819588828816497,0.006876754571147416,1.0
-0.1964524112593352,-0.25653541848041145,1.0
0.32758989202965877,0.03635968531633014,1.0
-0.1563651431827328,-0.3141082230511683,1.0
-0.051199369249843474,-0.2958576586921186,1.0
0.19708465083740886,0.2626383022063798,1.0
-0.0037363852215288387,-0.2302550996880385,1.0
-0.2556294858991944,-0.21941729427213413,1.0
-0.21824470036803262,-0.14578247939649194,1.0
-0.036594340601006456,0.29725723031121676,1.0
0.03623932664378949,0.2947682809877829,1.0
0.054165965949734315,-0.24731246583183975,1.0
-0.3825132708465824,0.10272859930583945,1.0
-0.1482724994554844,0.37618885086068776,1.0
0.015423552166355697,-0.09422099856237107,1.0
0.03454572121256266,-0.12211358460546677,1.0
-0.3803547904610349,-0.07536397938051602,1.0
-0.27320366052749817,0.09999349427977453,1.0
0.1382837834472247,0.15428130407515042,1.0
-0.0060910203214846435,0.32053722866197043,1.0
-0.20787893732676258,0.22834274024626558,1.0
0.18914927559914596,-0.047656747910899466,1.0
0.25359939046708835,-0.22530505862310923,1.0
-0.02854192580439905,-0.2207006603174508,1.0
0.15750731882850805,0.19813689108784147,1.0
-0.06995664218494843,-0.16737892296673867,1.0
0.10777359851617631,-0.2695699644561701,1.0
0.06183288098817897,0.24764195095047675,1.0
-0.15608724159455106,-0.3359638241742527,1.0
-0.199909860376721,0.07063289565169134,1.0
-0.26534311960115947,-0.11758983089156169,1.0
-0.2318389024163571,-0.06116038977142755,1.0
-0.20662423775834043,0.1671686285812444,1.0
-0.36232676731641533,0.05505959735442455,1.0
-0.031004929463536737,0.2860475340309971,1.0
0.24035969334091165,-0.11111404884940221,1.0
-0.08604527863429227,-0.21314528041797567,1.0
0.24033714342336623,-0.22986897180556354,1.0
-0.2712999359942446,-0.36133124964591024,1.0
-0.15115136222546063,0.3110675936394629,1.0
0.13090685141853164,-0.3098584080631841,1.0
0.08894443573208739,-0.23165537396986477,1.0
0.19597725973796026,0.11693771777067567,1.0
-0.37250827825815735,0.0612995145530614,1.0
0.0656359629712581,-0.3067574032065928,1.0
-0.16315874075172587,0.21412039713329367,1.0
0.04940414999495434,-0.19479690874471065,1.0
-0.08284657794301303,-0.22388006312380204,1.0
-0.24019340829261454,0.2159697728842788,1.0
-0.1598351088860425,0.2627352812669908,1.0
0.2769776066123941,-0.30623192074621863,1.0
-0.26850411282874176,0.1437073495366464,1.0
-0.17891387876199838,0.1941762248873228,1.0
-0.175432352126104,-0.11470039786638556,1.0
-0.2980753167372113,-0.22877742369245058,1.0
-0.1540202847492738,-0.033504934547737404,1.0
0.18188808420067928,-0.15821541077560636,1.0
0.0024421294949396252,-0.30721625471185104,1.0
-0.26226904574712695,-0.22398696003403054,1.0
0.2528361263337748,-0.16646243004135677,1.0
-0.18715367892779994,0.22247555699271543,1.0
-0.1834442975175346,-0.3587000544570187,1.0
-0.1454083103924733,0.2855350385775257,1.0
0.21474966933519912,-0.04263821958619656,1.0
-0.2935831529358179,0.14815119214722813,1.0
-0.1466621437136056,-0.04257857351175946,1.0
-0.4611445535888304,0.08988580852501098,1.0
0.35612494445535314,0.09019873675824676,1.0
0.06378310827510511,0.32206457570507996,1.0
0.2756430302883363,-0.10086451693239658,1.0
-0.2225534500606844,-0.31987716116036385,1.0
0.0832405941121019,0.24338351058917515,1.0
0.13315228470072246,-0.0014557509576031888,1.0
0.3304131401370796,0.01884496217435523,1.0
-0.14311458308387925,0.10277306437970425,1.0
-0.34825240059892887,0.1548381696872827,1.0
0.05957928869333834,-0.1520128417038914,1.0
-0.17581832495319893,0.23769246307121808,1.0
0.3394304557374241,0.2171710766510757,1.0
-0.30051366772760413,0.04561703375756681,1.0
0.03613445609879705,0.29470009645005707,1.0
-0.23681487641574261,-0.19509975967095664,1.0
0.19687639248243743,0.15766433512304878,1.0
-0.05844486121296632,0.1675676248934692,1.0
0.26594171407148653,-0.11886696580812073,1.0
0.32247757983853015,0.053946247929373324,1.0
-0.1565146813710512,-0.4574137015399012,1.0
0.1944223853500204,0.06527192082677305,1.0
-0.31743987798210793,0.17925349117559888,1.0
0.011008641607397363,-0.298751584583276,1.0
-0.1842840036661552,0.3064762365978814,1.0
-0.4812146847900729,0.06530566808755923,1.0
-0.15494761511421767,-0.0552727489737616,1.0
-0.15460676918509092,-0.15975910087163808,1.0
0.3504080414648834,-0.006172140153884802,1.0
0.03979172805384869,-0.17691621120730408,1.0
-0.15469529232531368,-0.19903023597893774,1.0
-0.06554377888671753,0.22917179102932,1.0
-0.34474698246709723,-0.046089753538225156,1.0
0.13758661940902572,-0.07041822951405297,1.0
0.17855466525001829,0.0821169241787821,1.0
-0.07727763710307962,0.3084329863752226,1.0
-0.21435466558666366,-0.2997596114166801,1.0
0.09438166588698903,0.3137246931076592,1.0
0.26207644790122947,-0.09645359935922591,1.0
-0.05477591515295102,0.054360754797521706,1.0
-0.3223480488928063,-0.061893421272385375,1.0
-0.4546984031704826,0.04436646576333068,1.0
0.07160572026038382,0.3255109917231898,1.0
0.2831195631010221,0.295396057671707,1.0
0.23434494549195362,-0.18421435675209832,1.0
-0.2707090745559112,-0.11714547435201332,1.0
0.27643831862449236,0.3450076420350877,1.0
0.19711953725265272,0.06251443364685597,1.0
0.15115565880345375,0.07941307576053865,1.0
-0.10268175506895365,-0.4042982386558657,1.0
-0.2517772446056392,-0.1599300930844815,1.0
0.47827370680105996,0.1017590773790949,1.0
-0.4041075069673768,-0.11581572079812637,1.0
0.2801336450104046,0.19832774672463388,1.0
-0.3476921782370123,0.26157222920943685,1.0
0.18261340858742597,-0.09608010326983038,1.0
-0.04501922001852083,-0.4058605219992866,1.0
0.05707933599914055,-0.21434244249059528,1.0
0.09859271861789314,-0.15528344187702414,1.0
0.11428367668225071,-0.3539346816835927,1.0
0.18460977754030683,0.2516409504630163,1.0
-0.30255723513680366,0.13716389733218057,1.0
0.15875092970911067,-0.19940735513219293,1.0
0.17965634333451436,0.26359970317327486,1.0
0.04356207938284061,-0.1957654930892729,1.0
0.16780648626651493,-0.0168751798287642,1.0
-0.2562485405854142,0.2381555267670645,1.0
0.2747904191477082,-0.01225150821377281,1.0
-0.17808103003196615,-0.11064289895173123,1.0
-0.11267814425809645,-0.16313834785521486,1.0
-0.12192380642541166,0.01905303652678347,1.0
-0.07346635961611347,-0.34942652646643707,1.0
-0.37986056231760323,-0.22393576605210855,1.0
-0.1834293292224985,0.25921852415254765,1.0
0.1707222370053274,-0.4216337153758922,1.0
0.44079635492181,0.16052731131928202,1.0
0.18238275491034037,0.25612330280646983,1.0
0.13254733052724638,0.0004333338657355452,1.0
0.25900930794152965,-0.2618813127729159,1.0
-0.18406131796946856,0.009548360789209783,1.0
0.19001344574218518,0.15399200371433103,1.0
0.09736356822475643,0.19437411603209184,1.0
-0.1952970759944565,0.12219448209793544,1.0
0.17591993591525193,0.43420127541996434,1.0
-0.17068528271065758,0.07278724215442134,1.0
-0.27848453755030206,0.197553016652166,1.0
0.0024174301085143884,0.1198621757462975,1.0
-0.22519804287975573,-0.3988865726693209,1.0
0.09266560467086103,0.30785457829258633,1.0
-0.1436987191260534,0.1982495379907772,1.0
0.24863613890870853,0.09932514796265667,1.0
-0.1552262255964789,-0.3844117644231044,1.0
0.048187333739597396,-0.228516040678569,1.0
0.19966249121772728,0.02497770385888633,1.0
-0.034981373913489704,0.19898995978845274,1.0
-0.3461972369330642,0.19021547144149498,1.0
0.1976673293838141,-0.3683052238549513,1.0
0.1137714628754102,-0.18269785085862006,1.0
-0.07484200291890512,-0.2814535025272729,1.0
0.15061437301492417,0.11149865674578134,1.0
0.0022125276716868834,-0.10274004589828689,1.0
0.203103219798008,-0.2438414823046238,1.0
0.021387580932533668,-0.4449658363144008,1.0
-0.11882863546270915,-0.26815350076814776,1.0
-0.12636019174694174,0.10540523146424041,1.0
-0.11972099134891398,0.3182243272380057,1.0
-0.22507990925065902,-0.06878139618089091,1.0
0.25973948843187467,-0.057847763362846645,1.0
-0.4493736375037372,-0.06945186263411086,1.0
-0.2835595969424655,0.2017705574788117,1.0
0.08719812218469924,0.03879068850590937,1.0
-0.04409122957115022,0.26779658297325215,1.0
0.06479638346776877,0.32290387465531667,1.0
-0.07732931577978894,-0.28183885053628116,1.0
0.13944785140893753,0.1346867675564328,1.0
0.16306127207917653,0.32780890487653525,1.0
-0.1359587315177146,0.14513237723803268,1.0
0.14067934763834564,0.335679659716486,1.0
-0.12294489111268203,0.1370439348086947,1.0
-0.13407943755759466,-0.1761469914884647,1.0
0.25948124327454053,0.0422902647456973,1.0
0.02016350800049788,0.38936601127148246,1.0
-0.1765219728193971,-0.08592545078311625,1.0
0.06642043285382897,0.2537593462807125,1.0
0.044831347439581525,-0.25434740092307906,1.0
0.30142458057677446,-0.03843858827529417,1.0
0.3030447523509816,0.07048755982645932,1.0
0.22829466080591626,-0.18337308432169505,1.0
-0.22673377614667362,-0.18204193141068215,1.0
-0.32772591898854864,-0.05119718387751385,1.0
-0.3437801371457369,0.0009187872164109267,1.0
-0.04299746990065317,-0.1541288504135363,1.0
0.07021015137985233,0.15195688438113408,1.0
0.40887805391082294,0.16609079868880366,1.0
-0.30207312609317966,0.23036379389451278,1.0
-0.19522218013826753,-0.5015679328702263,1.0
0.2578458493809912,-0.12835007561491463,1.0
-0.0057906069331852906,0.16642028448032112,1.0
-0.2340225139914015,0.2970831030604423,1.0
-0.33445002949622804,-0.039932214795567876,1.0
0.31053586416361173,-0.22832340238930296,1.0
0.32733933824253075,0.17054706766310268,1.0
-0.046797937838563855,0.26930754614219254,1.0
-0.08976496812963072,0.1217856686579835,1.0
-0.19940073924336268,-0.048799986719381454,1.0
0.15139444147797995,0.1211295440206093,1.0
0.3589371474582064,-0.18694419157679426,1.0
-0.09660905118162784,-0.07149951980741394,1.0
0.19797035637697247,-0.006702974460886436,1.0
-0.16885274043447157,-0.13776770994974302,1.0
0.14464575628542475,-0.0601426258901952,1.0
-0.23446614232893037,0.16647525377167555,1.0
0.0014387161510699994,0.4251411657013148,1.0
0.04542531259541216,-0.34757615030474404,1.0
-0.2680223471999471,-0.06260646470597726,1.0
-0.023986822483606285,0.3623252489119568,1.0
-0.1928628539089745,-0.05928454054153384,1.0
-0.12921757055513391,0.3141929147817823,1.0
0.033007540687988154,-0.16505407309988368,1.0
0.24540100573772627,0.46928825906139243,1.0
0.19964950489059305,0.2150464057115096,1.0
0.03960257457773912,0.22837543767889534,1.0
-0.21260574075261746,-0.14068399021167022,1.0
-0.29744462416626466,0.03923437045683845,1.0
-0.17719554983153046,0.26945437254889093,1.0
0.17471326662208858,-0.1639713620783434,1.0
-0.25358463128959474,0.32875758842082337,1.0
0.10076991164067307,0.28185467944275816,1.0
-0.014046939646944702,0.15536278845523518,1.0
-0.30399017827540353,0.16061625779464786,1.0
-0.26102517688922017,0.22999708121821924,1.0
0.20499306022035765,0.31860671336037033,1.0
-0.06348992774691711,0.163069880609027,1.0
-0.35720283654281904,0.2596266245211438,1.0
0.41849149503208377,-0.043898841051885865,1.0
-0.13871843402542441,-0.10874017382814832,1.0
-0.41390702552826913,-0.040007616616410155,1.0
0.28439165172844544,-0.044554995139068125,1.0
-0.21700897197543823,0.0518782187735989,1.0
-0.44280646050693434,0.11456501145762174,1.0
-0.11727348788313909,0.2532237516100096,1.0
0.040972242596111666,0.1995824738699274,1.0
0.2312862176724971,0.12154326107180899,1.0
0.179128988104736,-0.10839696635082881,1.0
-0.3466011473959055,0.0905230877658955,1.0
0.310789225300507,0.14897920759825703,1.0
0.041016366329856065,0.27047360167562107,1.0
-0.15058201165162852,0.15727806685773985,1.0
0.13357796761095952,0.033410722226146404,1.0
-0.07224953608936426,-0.2339290153234004,1.0
-0.04040025252590619,-0.29253642168900684,1.0
-0.25083032880660533,0.06824174546518116,1.0
0.2581048739794233,0.11835771094288072,1.0
-0.06207012140498899,0.36623895686233154,1.0
0.19435219894805647,0.30414803353831865,1.0
-0.10659506207313288,-0.43424637713223646,1.0
-0.0997491838668673,0.4358294981561162,1.0
-0.16131593558687432,0.15626853221444142,1.0
0.23297544113515464,-0.1460231089899377,1.0
-0.20393652080681612,-0.10496855144164081,1.0
-0.29230534645026257,-0.1032304232301884,1.0
-0.1993014295162104,-0.18045569394419356,1.0
-0.3320509498325292,0.18965730058122507,1.0
-0.21557739106096752,-0.2340821075523106,1.0
-0.1970944078977571,0.03686879650059558,1.0
-0.07101550165802899,-0.26561811581863826,1.0
0.12938937470763037,-0.10142990013763639,1.0
0.10502056950294296,0.12860195233488333,1.0
0.18670252388704198,-0.1636744256714516,1.0
-0.05732072213154712,0.27349352008539457,1.0
0.2651545807014091,0.11424826152458632,1.0
0.00870802867678674,-0.044129250505860536,1.0
-0.21993368017579687,-0.005093983267107628,1.0
0.03660280302418443,0.3479834035334003,1.0
0.06016410369405222,0.19850075943859452,1.0
-0.30029917403635303,0.3106323621324565,1.0
0.21185253042339938,0.331417854825255,1.0
0.3327948417839509,-0.061772390040150615,1.0
0.1857499577882695,0.1085447456688109,1.0
-0.18136836779291038,-0.05704848661890595,1.0
-0.0737967540256876,-0.24286946838053378,1.0
0.19167943145523783,-0.21429753059225568,1.0
0.1022252237928101,-0.24677026887014905,1.0
-0.2493408836572709,-0.07494277726387506,1.0
0.36719195948878774,0.04178425536152565,1.0
-0.16491062122049788,0.0014132413434267362,1.0
-0.09450476664574417,-0.11652379106438064,1.0
0.042370235011605265,0.2519530001363666,1.0
-0.24381589334476314,-0.029584505486980127,1.0
-0.2594117244857072,0.01813497578474136,1.0
0.3857231458497383,-0.09205707602014146,1.0
0.21053800316582624,-0.04706362739281841,1.0
0.09374436487393972,-0.30863883566591876,1.0
0.15980719941587132,0.022188650636197106,1.0
0.12231139964436435,-0.1002730775168137,1.0
-0.2028403987725377,0.01931542870404603,1.0
-0.049621674460352344,0.11092982929660936,1.0
0.06081051635785614,-0.29976659015273216,1.0
-0.04302679756730402,-0.17441569666621212,1.0
0.14722040454561286,-0.298810132707125,1.0
-0.2079187554369541,-0.21934455609490075,1.0
0.22032597050208186,-0.029736336706814085,1.0
0.2665939597613068,0.35993055985145067,1.0
-0.29744811582764386,0.11094783325942371,1.0
-0.2219160559112011,0.1264813072767153,1.0
0.1629298711243331,-0.15494537528556948,1.0
-0.0729691132812568,0.23058473048078565,1.0
-0.07090318358068075,-0.29566830127775534,1.0
0.21128980204466458,0.09541302091036244,1.0
-0.2239237263246305,-0.25365338186436004,1.0
-0.3365800821285977,-0.2401462930715622,1.0
-0.3328222786357239,-0.18855024376076118,1.0
-0.22692615291078577,-0.10464767698448597,1.0
-0.19217387038814177,-0.17613785075808122,1.0
-0.30988022768471585,0.09456539656737395,1.0
0.14046088813619628,-0.16278936723330098,1.0
0.15623190511873553,0.20256627899755525,1.0
-0.08519649265186485,-0.17434968139826057,1.0
0.211925170874129,-0.2267507358974264,1.0
-0.03266241084757574,0.16806130959614152,1.0
0.3491690677620615,-0.3851348885015983,1.0
0.08237899143414203,0.1590886971253466,1.0
0.2571453133288156,0.005548152684274393,1.0
-0.1893906672006941,0.34901697062528525,1.0
-0.06777808650456334,0.08850941131786233,1.0
-0.07690768175415286,-0.19111217836264957,1.0
-0.18370490580983023,0.2241731825311104,1.0
-0.2744788901347802,0.11075809420567108,1.0
0.3086839142369165,0.2788059816707276,1.0
-0.38911294625006043,0.043669183387025405,1.0
0.2593997826673703,-0.18888976168597238,1.0
-0.024695022888230632,-0.4944418312117405,1.0
-0.3419785017955179,-0.00029404590924880835,1.0
-0.09903940133161106,-0.2929319807537488,1.0
-0.04480589947010114,-0.17160513184540013,1.0
0.1400276348314674,-0.3311379776218258,1.0
-0.18139650841406002,0.22578640666900016,1.0
-0.0166872978648644,0.21981023707273872,1.0
-0.15658003070067547,0.30703333718529774,1.0
0.18473761958061732,0.13330133874627745,1.0
0.17398086858425454,-0.2808680369719546,1.0
-0.038304406337401065,-0.023407356827496627,1.0
0.3018280007137958,-0.32049128418186856,1.0
-0.07453067162661177,-0.3242170347745692,1.0
-0.08640925591100768,0.10086525967020701,1.0
-0.014280913530487755,0.3254922855353548,1.0
0.3929368319155409,-0.11106766074598194,1.0
-0.047274884125270505,0.28531581714390525,1.0
-0.330868496830448,-0.1826558219747039,1.0
0.3761652541621615,0.029786581455716363,1.0
-0.22948237413209843,0.1950489658544733,1.0
0.18609049157737564,-0.24332592753708973,1.0
0.17479765591103566,-0.18172140373834336,1.0
-0.04244815484702572,-0.2533493724719502,1.0
0.012483988413853434,0.3809621445340183,1.0
-0.23404767685826675,-0.1712740772157655,1.0
-0.3745671786686489,0.1532925022133165,1.0
-0.1693351325827374,0.1952764799812433,1.0
0.30431408684763517,-0.05019750013982122,1.0
-0.03902867614101286,0.353587536018745,1.0
0.011269157902666587,-0.27722390015463827,1.0
0.18587758475746705,-0.08944412149464348,1.0
0.1330083110670122,0.1716202687468625,1.0
0.13340307434142715,-0.16821266423003292,1.0
-0.28684394095180293,0.11757613630407339,1.0
-0.29739714016444607,-0.11054195379478687,1.0
0.24153369665684823,-0.058652272103636466,1.0
0.4023736876983796,0.2259818224376885,1.0
0.04410201255937052,-0.26312682457610653,1.0
-0.1549985870258552,-0.036148257431611354,1.0
0.26246724562708745,-0.10251702722284495,1.0
-0.06969590786899554,0.3364642457466156,1.0
0.3643915242429186,0.29225453973332904,1.0
0.051477403752097216,0.31254785808130314,1.0
-0.14906097989262504,0.13290688754136556,1.0
0.008009549812853801,-0.27238696999173123,1.0
-0.06559540780609605,0.21060064620999933,1.0
0.18189356080245747,0.11742914849275372,1.0
0.13764253004008273,0.3397252861270567,1.0
0.28285321081973536,0.05484581023129026,1.0
-0.3323148986622623,-0.0034204971835749428,1.0
0.034596510818718715,0.12409841876006143,1.0
-0.03587134568086639,-0.35064531770228974,1.0
0.04536929582372277,0.008297224337369721,1.0
-0.07511939061365074,0.13735361442721666,1.0
0.02200658448189897,0.41058316174488413,1.0
-0.04181567621871168,-0.2165299422024855,1.0
-0.23659398934794368,0.13450448849623786,1.0
0.19641920907034469,0.3442857024754445,1.0
0.16026346923194126,-0.30791375516505676,1.0
-0.25981988635041503,0.04465532631663666,1.0
-0.11718094720415849,0.10728018829114254,1.0
-0.3703060537300828,0.11682334552124309,1.0
0.04672362114306685,0.49898740728705204,1.0
-0.4340728662789692,-0.08630303864774629,1.0
-0.3828753205178479,0.10034999974924173,1.0
0.2284622587455971,0.1676300397998891,1.0
0.22511496674356188,-0.10188296234687803,1.0
0.196869152600056,-0.10926964621308044,1.0
0.3412377594406054,0.11430096915251753,1.0
0.3003781361650464,-0.1782172225746242,1.0
-0.20976077986566888,-0.14230876692218455,1.0
-0.10383601852132895,0.32503654100057044,1.0
0.27253292621077807,0.2902754651168346,1.0
0.23163026347366453,0.3267240033977765,1.0
-0.08333123992884463,0.20532649482807064,1.0
0.1903190788195126,-0.2411051321207521,1.0
0.29143218891684763,0.2547816309186089,1.0
-0.2657256519233818,-0.26421668206015436,1.0
0.17450217184522995,0.04774707287500998,1.0
-0.23715781143237782,0.1451911519163464,1.0
-0.04326932967771519,-0.22197590657858982,1.0
0.002979664976435022,-0.3941904533547234,1.0
-0.11242645190319774,0.28657496620054984,1.0
-0.2519980136793952,0.1905729749201808,1.0
-0.14030600295745346,0.21122769830497864,1.0
-0.14383114908316816,0.1120518021230185,1.0
0.1708627768544541,0.03672901626350603,1.0
-0.1886106282911493,-0.17217943313376605,1.0
0.19899682569902688,-0.2629455210487946,1.0
0.129070094837574,-0.20777833893269215,1.0
0.17987495615569235,0.16752119473107527,1.0
0.15030574560620025,-0.3405819789852987,1.0
0.05404686521766752,-0.1430957474884824,1.0
-0.17676436030581075,-0.060645277254488685,1.0
-0.07469001149379531,0.39983793008652446,1.0
-0.39785193568756216,-0.051479931664395295,1.0
0.2746785967035395,-0.029409021212129162,1.0
0.06489705290407471,-0.07970605558903714,1.0
-0.31084630711500616,0.20618935421204335,1.0
0.006485556489069427,0.4604530991179894,1.0
0.0527832011082965,-0.13720437817731923,1.0
-0.09618159930904865,0.1535733138388578,1.0
0.18561808647937034,0.024898953801206887,1.0
0.1327601141641511,0.25631344134474815,1.0
0.1451480209694305,0.2741648004457206,1.0
-0.206411739356097,0.23240084013576975,1.0
-0.40408594403825937,-0.09275233702392437,1.0
-0.010184326624202347,-0.2420337014946993,1.0
0.2773488197055747,0.12902572818561805,1.0
-0.1221349301194359,0.2718071120839082,1.0
-0.16881783384108068,0.1620429273446474,1.0
-0.2600447691665224,0.18507622570148,1.0
-0.09823162449525583,-0.33940978522115217,1.0
-0.14883231268291203,0.0006261844874954572,1.0
-0.014521286521477748,-0.19372016886553198,1.0
-0.26413935464914284,-0.1013469465507317,1.0
-0.30245105301463954,0.03931792561308626,1.0
0.3451261673194232,0.26970844956771467,1.0
-0.007748687437476747,-0.31320559604898796,1.0
0.34312103600857813,0.2258930010634865,1.0
-0.5155231678728652,0.0768385646099464,1.0
-0.13295502943185603,-0.2378520866424213,1.0
0.3163044667903765,0.30220729703469557,1.0
-0.03292683966536254,0.13843598563081416,1.0
0.10360442034896582,0.04098731699013188,1.0
0.19644680403058593,0.2594909021627271,1.0
-0.13263414130620005,0.34599545527537096,1.0
-0.28341341794232583,0.256249200304994,1.0
-0.40965376258365666,0.08299101688921227,1.0
-0.009604830040563119,0.21392548146073317,1.0
-0.39413552211079356,-0.19116674267072442,1.0
0.09321192775226086,-0.1893198652440237,1.0
-0.31920874954593437,0.048170182406193106,1.0
-0.20487296461210122,0.14328056647787707,1.0
-0.24528018693493644,0.37111228979741134,1.0
0.1687106091329389,-0.33724798956759516,1.0
0.1524284717725434,0.18771284704468164,1.0
-0.1671034813958251,-0.40060766253227764,1.0
0.02805164613035577,-0.4542436848462459,1.0
0.0561795084350727,0.2784796360037519,1.0
-0.3006955141338258,-0.011031946111783241,1.0
0.4939223831038537,0.10206382744127489,1.0
0.47843561860909944,-0.09192907935268566,1.0
-0.30998008700224244,0.21787951794427857,1.0
-0.04641888358462551,-0.4515335936108831,1.0
0.04830388279049885,0.1368594661636979,1.0
0.1617453008826395,-0.30386877412677576,1.0
0.026045289842000725,-0.09394600050136268,1.0
0.21008081663213266,-0.007381280248421502,1.0
0.2756422897826926,0.3399721316525778,1.0
0.08917378459460902,0.2573618360710222,1.0
-0.2528426055196389,0.003965025328676599,1.0
0.21338296622386085,-0.2320816924909165,1.0
-0.06643643154791963,0.22969155350544307,1.0
-0.06645831207890827,0.1369238025345303,1.0
0.24231077474098967,-0.2077089143877086,1.0
0.08717573259827233,-0.43293351982904876,1.0
-0.23803046140889897,-0.08283709726202086,1.0
-0.23111375598702252,0.09316255591852457,1.0
0.18393374554576164,0.24398425907113877,1.0
0.1998804273540116,0.3168228346406728,1.0
0.3883066123365304,-0.1451905299351717,1.0
0.3253311255290725,0.1560135883706396,1.0
-0.2075972459759258,-0.17510208186541354,1.0
-0.24942027653335186,0.29097173704299967,1.0
-0.06161743507870262,-0.27122441416142223,1.0
0.24651883047207518,-0.180831939226521,1.0
-0.001345630080408064,-0.16307973209362944,1.0
-0.14523131516270113,0.2549303324252557,1.0
0.22521523992649528,-0.14860439775231918,1.0
-0.1009084077326534,0.11120579248182476,1.0
-0.4299199196331219,0.03800834553908672,1.0
0.33883725997449726,0.2569136370201156,1.0
0.34467488426019366,0.2455922255056256,1.0
0.045867895080900487,-0.21542275740469122,1.0
-0.16063379612902742,-0.08266727510466478,1.0
0.35576461482954896,-0.242141608126366,1.0
-0.3786579581455048,-0.22218626642486844,1.0
0.38497852316012526,-0.05360944217482821,1.0
0.1124055994521963,-0.30335749140145823,1.0
0.03681780081455813,-0.3398589502688558,1.0
0.23928457370582945,-0.17073587646700744,1.0
-0.1056775226385879,-0.23116505423338396,1.0
-0.06334790161288015,0.33562603584691075,1.0
-0.17461502399563888,-0.19450299714940325,1.0
-0.07624814407325899,0.1819293681251815,1.0
0.4193652747495117,-0.22356156905637306,1.0
-0.1747508368355279,-0.02050089349341111,1.0
-0.09438316771617553,0.16234229605364195,1.0
-0.09780433619758105,0.39265283835667864,1.0
-0.3091295931335983,0.35242016812780846,1.0
0.008361322925588307,0.14963822002553534,1.0
-0.21380100267023064,-0.15995553501794832,1.0
-0.1989095801196151,0.037210297184793045,1.0
0.10909220351805923,-0.34878396662199684,1.0
0.13818486592471563,-0.15881468384782313,1.0
-0.373522829590174,-0.07228792038529631,1.0
-0.38332865360908447,-0.04550512521819506,1.0
0.3840288015165718,0.3019738303732526,1.0
-0.39875056544860626,0.05539360610779926,1.0
-0.2530928084971566,0.3369980132599996,1.0
-0.1792359920130589,-0.21488257937406754,1.0
0.12446100137356735,0.10156754377298344,1.0
0.11832654475533523,0.49815413798959285,1.0
0.10784444749555229,-0.17623732122140776,1.0
-0.38510440814560126,-0.17123432147050702,1.0
-0.33578800040554724,0.16394590053382035,1.0
0.12034627117963925,-0.250555215385277,1.0
-0.2696065956027163,0.00480822411903658,1.0
-0.09319988309700125,-0.32687318786561226,1.0
-0.3414806293180868,0.10308600887526133,1.0
0.02148664152867691,-0.15850545242519623,1.0
0.22584180207408186,-0.238739577770251,1.0
-0.3234372641208442,-0.08440335981809866,1.0
-0.09306590633016085,-0.2138317288188144,1.0
-0.37671934956956804,0.03884267444519018,1.0
0.2940226393287348,-0.3285423173201573,1.0
-0.03680044574847111,-0.38617720048691107,1.0
-0.06644011208754068,0.26966464876588797,1.0
0.19954314784950355,-0.22452855777596725,1.0
0.19743997259256502,-0.14066603372902683,1.0
-0.11746177842762413,-0.14076071410164115,1.0
0.11109941102218426,0.25637369667502097,1.0
-0.3076043668246202,-0.11464230137450823,1.0
-0.2297540400125612,0.31692229811892014,1.0
0.17295764698505245,0.04923738224947993,1.0
-0.3178988320947268,0.22449709464779719,1.0
0.12106501482468045,0.010200694501997717,1.0
0.13894534543417222,-0.03772781762609868,1.0
0.3939108230460272,0.10213043302884331,1.0
0.21719218191372774,0.0025431592899782143,1.0
0.24532769828869663,0.2728511282342936,1.0
0.2185578417364769,-0.29319875621216573,1.0
-0.2091896808785973,-0.29851844532924005,1.0
0.3965367361156277,0.14349275536911865,1.0
0.07928250281961395,0.3053504374394081,1.0
0.29087205334529265,-0.1551482093417708,1.0
-0.14505268825429696,0.17795710391197497,1.0
0.16303784733801377,-0.07425514581047793,1.0